2
60
NormalBrick 60 20 151 172 255 25 60
NormalBrick 60 20 151 172 255 90 60
NormalBrick 60 20 151 172 255 155 60
NormalBrick 60 20 151 172 255 220 60
NormalBrick 60 20 151 172 255 285 60
NormalBrick 60 20 151 172 255 350 60
NormalBrick 60 20 151 172 255 415 60
NormalBrick 60 20 57 255 210 90 90
NormalBrick 60 20 57 255 210 155 90
NormalBrick 60 20 57 255 210 220 90
NormalBrick 60 20 57 255 210 285 90
NormalBrick 60 20 57 255 210 350 90
NormalBrick 60 20 255 255 255 155 120
NormalBrick 60 20 255 255 255 220 120
NormalBrick 60 20 255 255 255 285 120
NormalBrick 60 20 255 167 255 220 150
UnbreakableBrick 60 20 228 210 0 90 190
UnbreakableBrick 60 20 228 210 0 220 190
UnbreakableBrick 60 20 228 210 0 350 190
