3
960
HardBrick 80 15 87 218 181 40 60
NormalBrick 80 15 220 167 85 125 60
NormalBrick 80 15 220 167 85 210 60
NormalBrick 80 15 220 167 85 295 60
HardBrick 80 15 87 218 181 380 60
HardBrick 80 15 87 218 181 40 80
NormalBrick 80 15 220 167 85 125 80
NormalBrick 80 15 220 167 85 210 80
NormalBrick 80 15 220 167 85 295 80
HardBrick 80 15 87 218 181 380 80
NormalBrick 80 15 220 167 85 40 100
NormalBrick 80 15 220 167 85 125 100
HardBrick 80 15 87 218 181 210 100
NormalBrick 80 15 220 167 85 295 100
NormalBrick 80 15 220 167 85 380 100
NormalBrick 80 15 220 167 85 40 120
NormalBrick 80 15 220 167 85 125 120
HardBrick 80 15 87 218 181 210 120
NormalBrick 80 15 220 167 85 295 120
NormalBrick 80 15 220 167 85 380 120
NormalBrick 80 15 220 167 85 40 140
HardBrick 80 15 87 218 181 125 140
NormalBrick 80 15 220 167 85 210 140
HardBrick 80 15 87 218 181 295 140
NormalBrick 80 15 220 167 85 380 140
NormalBrick 80 15 220 167 85 40 160
HardBrick 80 15 87 218 181 125 160
HardBrick 80 15 87 218 181 210 160
HardBrick 80 15 87 218 181 295 160
NormalBrick 80 15 220 167 85 380 160
