3
90
NormalBrick 80 15 255 115 254 40 60
NormalBrick 80 15 255 115 254 125 60
NormalBrick 80 15 255 115 254 210 60
NormalBrick 80 15 255 115 254 295 60
NormalBrick 80 15 255 115 254 380 60
NormalBrick 80 15 220 167 85 40 80
NormalBrick 80 15 220 167 85 125 80
NormalBrick 80 15 220 167 85 210 80
NormalBrick 80 15 220 167 85 295 80
NormalBrick 80 15 220 167 85 380 80
NormalBrick 80 15 255 115 254 40 100
NormalBrick 80 15 255 115 254 125 100
NormalBrick 80 15 255 115 254 210 100
NormalBrick 80 15 255 115 254 295 100
NormalBrick 80 15 255 115 254 380 100
NormalBrick 80 15 220 167 85 40 120
NormalBrick 80 15 220 167 85 125 120
NormalBrick 80 15 220 167 85 210 120
NormalBrick 80 15 220 167 85 295 120
NormalBrick 80 15 220 167 85 380 120
NormalBrick 80 15 255 115 254 40 140
NormalBrick 80 15 255 115 254 125 140
NormalBrick 80 15 255 115 254 210 140
NormalBrick 80 15 255 115 254 295 140
NormalBrick 80 15 255 115 254 380 140
NormalBrick 80 15 220 167 85 40 160
NormalBrick 80 15 220 167 85 125 160
NormalBrick 80 15 220 167 85 210 160
NormalBrick 80 15 220 167 85 295 160
NormalBrick 80 15 220 167 85 380 160
