4
120
NormalBrick 66 15 40 0 247 38 60
NormalBrick 66 15 40 0 247 109 60
NormalBrick 66 15 255 255 255 180 60
NormalBrick 66 15 255 255 255 251 60
NormalBrick 66 15 255 31 50 322 60
NormalBrick 66 15 255 31 50 393 60
NormalBrick 66 15 40 0 247 38 80
NormalBrick 66 15 40 0 247 109 80
NormalBrick 66 15 255 255 255 180 80
NormalBrick 66 15 255 255 255 251 80
NormalBrick 66 15 255 31 50 322 80
NormalBrick 66 15 255 31 50 393 80
NormalBrick 66 15 40 0 247 38 100
NormalBrick 66 15 40 0 247 109 100
NormalBrick 66 15 255 255 255 180 100
NormalBrick 66 15 255 255 255 251 100
NormalBrick 66 15 255 31 50 322 100
NormalBrick 66 15 255 31 50 393 100
NormalBrick 66 15 40 0 247 38 120
NormalBrick 66 15 40 0 247 109 120
NormalBrick 66 15 255 255 255 180 120
NormalBrick 66 15 255 255 255 251 120
NormalBrick 66 15 255 31 50 322 120
NormalBrick 66 15 255 31 50 393 120
NormalBrick 66 15 40 0 247 38 140
NormalBrick 66 15 40 0 247 109 140
NormalBrick 66 15 255 255 255 180 140
NormalBrick 66 15 255 255 255 251 140
NormalBrick 66 15 255 31 50 322 140
NormalBrick 66 15 255 31 50 393 140
NormalBrick 66 15 40 0 247 38 160
NormalBrick 66 15 40 0 247 109 160
NormalBrick 66 15 255 255 255 180 160
NormalBrick 66 15 255 255 255 251 160
NormalBrick 66 15 255 31 50 322 160
NormalBrick 66 15 255 31 50 393 160
